

#### d1 wikidata ####
10,669493675231934
8,574676513671875
22,63932228088379
25,232577323913574
19,445109367370605
28,12473773956299
11,86838150024414
12,765765190124512
13,868379592895508
11,472058296203613
17,954587936401367
18,25103759765625


#### d1 conj ####
13,763165473937988
12,566471099853516
68,813157081604
80,28550148010254
82,27996826171875
75,70033073425293
>59.34
>63.83
10,773921012878418
10,384440422058105
13,862991333007812
13,46588134765625


#### d1 conj-strong ####
15,45870304107666
15,95752239227295
13,862991333007812
16,453146934509277
14,760541915893555
21,941065788269043
17,1567440032959
18,74542236328125
7,791495323181152
8,174848556518555
18,351173400878906
19,34826374053955


#### d1 ngraphs ####
22,240734100341797
23,437213897705078
30,019736289978027
34,009599685668945
20,544052124023438
25,53083896636963
15,959978103637695
17,35358238220215
17,054367065429688
17,75505542755127
16,653776168823242
16,558170318603516


#### d1 singleton ####
9,773826599121094
9,07580852508545
>113.2
>126.16
>97.23
>140.62
>59.34
>63.83
>69.34
>57.36
19,94650363922119
21,342849731445312


#### d1 rdfstar ####
10,77113151550293
9,574365615844727
24,335122108459473
26,82819366455078
27,32672691345215
39,79341983795166
12,766027450561523
11,967945098876953
10,378408432006836
11,968016624450684
17,552804946899414
18,453431129455566
