

#### d2 wikidata ####
98,7400770187378
80,98568916320801
343,1802272796631
368,5117244720459
277,3613452911377
391,45333766937256
146,60627841949463
142,22285747528076
586,7424011230469
102,22678184509277
209,51738357543945
177,32982635498047


#### d2 conj ####
178,92310619354248
138,23070526123047
1364,2531394958496
1299,230146408081
>1386.81
1373,7260103225708
>733.03
>711.11
114,49379920959473
99,63366985321045
153,59745025634766
147,91171550750732


#### d2 conj-strong ####
200,95605850219727
180,27057647705078
202,05869674682617
178,1301736831665
196,37205600738525
283,8465929031372
230,6851625442505
214,7310495376587
54,75296974182129
50,86688995361328
235,6722116470337
217,22512245178223


#### d2 ngraphs ####
339,693284034729
356,6486120223999
632,8094244003296
774,9797105789185
517,7709341049194
629,2129516601562
280,3034782409668
315,85357189178467
277,57105827331543
323,233962059021
219,1206932067871
211,78364753723145


#### d2 singleton ####
92,35281944274902
77,70223617553711
>1715.9
>1842.56
>1386.81
>1957.27
>733.03
>711.11
2120,803213119507
>511.13
220,11053562164307
205,0490379333496


#### d2 rdfstar ####
109,30309295654297
85,57116985321045
296,9057559967041
329,219651222229
365,6238317489624
492,38572120666504
119,78282928466797
146,80778980255127
98,7358570098877
86,9652509689331
156,38349056243896
190,39263725280762
