

#### d3 wikidata ####
1069,3480253219604
807,0316076278687
3435,368275642395
3326,4568090438843
2912,1156215667725
3892,9454803466797
1367,2138452529907
1300,7452964782715
1064,3452405929565
1003,9202928543091
1821,455430984497
1798,1121063232422


#### d3 conj ####
1571,2984323501587
1364,0542268753052
11818,543004989624
11655,439519882202
11881,641554832458
12893,100643157959
>6836.07
>6503.73
946,8671321868896
881,7452669143677
1574,7867584228516
1382,8118324279785


#### d3 conj-strong ####
1876,588225364685
1772,2599267959595
1747,8187799453735
1768,576955795288
1875,3834247589111
2925,509214401245
2143,0734634399414
2179,1855335235596
503,65798473358154
453,68502140045166
2205,5657148361206
2157,387924194336


#### d3 ngraphs ####
3356,3040018081665
3371,9820976257324
6227,769494056702
6555,758333206177
4821,621751785278
6620,991635322571
2896,0484743118286
2925,394916534424
2791,5321588516235
2957,5823068618774
2113,5735034942627
1881,257724761963


#### d3 singleton ####
951,1964559555054
734,0433835983276
>17176.84
>16632.28
>14560.58
>19464.73
>6836.07
>6503.73
>5321.73
>5019.6
4361,4781856536865
18350,272917747498


#### d3 rdfstar ####
966,3285732269287
744,6044683456421
3190,527844429016
2968,118715286255
3500,5003690719604
4762,762904167175
1301,836371421814
1236,5896940231323
892,7783966064453
832,706356048584
1643,4319496154785
1604,0194272994995
