

#### d3 wikidata ####
1729,8943281173706
1572,995376586914
6447,7665185928345
7245,899486541748
5421,665382385254
8751,149010658264
2543,895411491394
2806,9514513015747
1979,507303237915
2100,9849071502686
2402,4311780929565
2470,198106765747


#### d3 conj ####
2746,8427896499634
2820,8552598953247
2204,838728904724
2693,0764198303223
2146,9643115997314
5029,222369194031
1881,190586090088
2716,6515350341797
1621,964144706726
1793,9106225967407
2816,9674158096313
2948,0762004852295


#### d3 conj-strong ####
3292,4968242645264
3706,079936027527
3164,8364067077637
3725,0038623809814
3326,603841781616
6278,11176776886
3948,535180091858
4640,704798698425
849,13010597229
889,3213033676147
4002,7791261672974
4562,925124168396


#### d3 ngraphs ####
6859,539103507996
8237,881755828857
11395,353817939758
14040,022206306458
8697,350907325745
13378,617453575134
5080,413365364075
6191,145873069763
5920,608139038086
7239,633107185364
4341,588735580444
4722,692966461182


#### d3 singleton ####
1610,6800556182861
1480,000638961792
>32238.83
>36229.5
>27108.33
>43755.75
>12719.48
>14034.76
>9897.54
>10504.92
8320,874524116516
17995,506834983826


#### d3 rdfstar ####
1575,0458478927612
1507,252025604248
5893,278002738953
6512,680292129517
6574,368834495544
10304,253196716309
2364,6836280822754
2559,0593338012695
1580,5264472961426
1666,8574571609497
2154,0433168411255
2276,206159591675
